initial_pose_x: 3.02043
initial_pose_y: 0.953438
initial_pose_a: 1.31963
