initial_pose_x: 6.10901
initial_pose_y: 3.92222
initial_pose_a: -1.41276
