initial_pose_x: 5.48277
initial_pose_y: 4.86871
initial_pose_a: -1.22744
