initial_pose_x: 7.01344
initial_pose_y: 1.91333
initial_pose_a: 1.81349
